0.000001
0.000001
0.000002
0.000003
0.000005
0.000007
0.000009
0.000012
0.000016
0.000021
0.000027
0.000035
0.000046
0.000058
0.000071
0.000089
0.000110
0.000134
0.000161
0.000192
0.000228
0.000267
0.000312
0.000362
0.000417
0.000478
0.000546
0.000621
0.000703
0.000793
0.000891
0.000998
0.001114
0.001240
0.001376
0.001523
0.001682
0.001852
0.002035
0.002232
0.002442
0.002667
0.002907
0.003163
0.003435
0.003725
0.004033
0.004359
0.004705
0.005070
0.005457
0.005865
0.006296
0.006750
0.007228
0.007732
0.008261
0.008817
0.009401
0.010013
0.010655
0.011327
0.012030
0.012766
0.013536
0.014339
0.015178
0.016053
0.016966
0.017917
0.018907
0.019938
0.021011
0.022128
0.023289
0.024495
0.025748
0.027049
0.028400
0.029801
0.031254
0.032761
0.034326
0.035946
0.037624
0.039360
0.041157
0.043016
0.044936
0.046921
0.048970
0.051085
0.053268
0.055519
0.057840
0.060232
0.062696
0.065236
